0.24949479679235761
0.047908185628352695
0.027147166699934635
0.02165280031011388
0.01876932000943824
0.01701077955170471
0.01593445915467054
0.015119688246639226
0.01479891782752325
0.014173773211001864
0.013874461228116156
0.013452263385193388
0.013217657075989528
0.012966738289991475
0.01276936429642757
0.012466450148625068
0.012264027386239978
0.011911350175588658
0.01157807977698376
0.011427512864841826
0.011276309664602687
0.01092243187412582
0.01079384094959751
0.010619770475917768
0.010533405341058304
0.010305401761470195
0.010039825085243238
0.00978262452662652
0.00965000756510811
0.009628790998384892
0.009478208755303148
0.009288147270058713
0.009345973187280957
0.009121655789493172
0.009187099055831049
0.00870160833157502
0.008565803229814591
0.00887795702029332
0.008573394207357428
0.008424287617576427
0.008250208899536227
0.007858546165706408
0.007952803031827745
0.008281996369727753
0.007925158350675848
0.007713957246524385
0.0076047544547838235
0.0076465332887259456
0.007386241488426965
0.007162790289461419
0.0069623568606572315
0.007025360047851305
0.007478004382375153
0.00692630433649418
0.007145015717102318
0.0067825807376528996
0.006526028250682317
0.006648417858606019
0.006373793528340153
0.0067498531696186526
0.006954234278444866
0.006482831317484372
0.006312149779168637
0.005999258363246882
0.0063195511015551094
0.006299852699914753
0.005787651352530809
0.005858654998197346
0.006121906419319892
0.005841773952309929
0.005598462623729235
0.005542635320472971
0.006822049260440424
0.0069680587753367185
0.005474746551507739
0.0051498720329488734
0.0050404440961620755
0.005277668571537484
0.005159560464147469
0.005304276928183177
0.006026587299857056
0.005415630944338298
0.005007337169524323
0.005352253633113466
0.004810933278159039
0.0047819393568450394
0.005076131904863122
0.005594241407888154
0.004760647020516472
0.004931838760232992
0.0044589271042128325
0.0046095929591959345
0.004962485288143731
0.004687906458926161
0.004966752731205313
0.005078759682320473
0.004633873127599857
0.004318292294245462
0.004709727562055056
0.004102203812751512
0.0045978209830689325
0.00467695844254364
0.004643333951778303
0.004166671550270587
0.003926815570659008
0.003865954246834663
0.003681382953873931
0.005129776925754391
0.006881401686870778
0.003725737737816682
0.0040050159416790375
0.004687100057550276
0.003921496894685141
0.0034170053940898973
0.0034397728312830864
0.004164038199310368
0.0042484178408293315
0.003537327136802097
0.0037448814916574494
0.003958148121382014
0.0035685925871667616
0.004142808630824435
0.0039000906062570968
0.0034218227377078953
0.003108036626845375
0.0031415600109234764
0.004574382811559963
0.006273979035049367
0.003405407658604796
0.0029331140803750154
0.0029297958433416853
0.00346576871371744
0.0030887833181340685
0.003030723538449255
0.004391269931743663
0.003582528071298573
0.003506130490578748
0.003002169595128948
0.002435244316223401
0.0029153087202108247
0.005525643255004866
0.003803052140020266
0.0031589008371614097
0.0026300779508006394
0.0023581793622374707
0.0023184661762802226
0.002321673589058151
0.002743596823329539
0.005809266303020771
0.0029113746760522077
