0.8538493219739902
0.9570016459278439
0.971356408381314
0.9774971308175081
0.9810320388826524
0.9833646148258115
0.9850333738401069
0.9862908049029593
0.9872793821814638
0.9880721780083934
0.9887324719695572
0.9892736949165415
0.9897404202022908
0.9901444251122682
0.99049419979131
0.990798181443481
0.9910735393533056
0.9913176079714521
0.9915391014229437
0.9917466024064129
0.9919404191260012
0.9921167043055067
0.9922822104847949
0.992438320787797
0.9925764952757343
0.9927066190642599
0.9928306022786205
0.9929491063082441
0.9930645258900541
0.9931717718610112
0.9932713525265641
0.9933628847139963
0.9934538773127964
0.9935397092970262
0.9936199591766973
0.9937034612116606
0.9937887917394224
0.993867550207221
0.993936063154884
0.9940082508584728
0.994076869502571
0.9941466622841284
0.9942147940952585
0.9942754220148051
0.9943319344372483
0.9943908547392543
0.994449316899969
0.9945045739227201
0.99455841246599
0.9946121743747166
0.9946659831156642
0.9947189516532495
0.994768241362542
0.9948145982271396
0.9948604197605796
0.9949072319898546
0.9949508768431148
0.9949936194819693
0.995036382482659
0.9950799440375026
0.9951178246403333
0.9951557376369926
0.9951953549192559
0.995233892098717
0.9952741707704083
0.9953079021865536
0.9953417424459635
0.9953793646385951
0.995415540955822
0.9954495191203881
0.9954846860459132
0.9955179502504953
0.9955486075848526
0.995572275811841
0.9955975043107264
0.9956298118792706
0.9956618238309896
0.9956927169924197
0.9957221254058506
0.9957518360999801
0.995777747460774
0.9958029024719451
0.9958298123030929
0.995855700895653
0.9958808851538238
0.9959074904829819
0.9959322199317979
0.9959552413928583
0.9959783700312147
0.9960037745674204
0.9960292570339226
0.9960554075537261
0.9960795950075114
0.9961022103425139
0.9961258106350158
0.9961460266054046
0.996166049323467
0.9961885143511043
0.9962111846630618
0.9962339999142641
0.996255602155413
0.9962759773183313
0.9962954423072176
0.996314821776396
0.9963357729941421
0.9963570316755994
0.9963791250071911
0.9963992315789928
0.9964132125703444
0.9964310941488846
0.9964509319444621
0.996468805933591
0.9964860846167025
0.9965059888659057
0.9965261496742319
0.9965448792306533
0.9965602862908973
0.996577572193205
0.9965955122657444
0.9966122480282872
0.9966285486028802
0.9966445030262752
0.9966605896164912
0.9966766454788468
0.9966941701699488
0.9967118566450865
0.9967276229991676
0.9967378655575817
0.996752779676307
0.9967688386854918
0.9967858335986641
0.9968017593303823
0.9968172967063714
0.9968331274778947
0.9968460613155957
0.9968585310885625
0.9968729011760735
0.9968879313572593
0.9969044425842924
0.9969199073981054
0.9969314214605722
0.9969401366962409
0.99695290153071
0.9969678537815995
0.9969834955582707
0.9969991421477394
0.9970149049847763
0.9970290025939113
0.9970388836371973
0.9970495360238212
