0.540959147057792
0.5006965704897578
0.4927905341682508
0.48751393341740895
0.4825853126686673
0.48287951692130215
0.4811928860207861
0.47491474137749784
0.4759761249834253
0.47531620511250905
0.47388199052607366
0.4699739373700563
0.468547044105308
0.4691658129756765
0.4679314264262369
0.46412998264612154
0.46375939469466837
0.46066683473051057
0.46149952963803165
0.4562960473835006
0.4552885254686193
0.4531862761161124
0.4554686473552571
0.45199325345745384
0.4516445662855178
0.4486737912015397
0.44799254638280056
0.44398863036041114
0.44271267627098765
0.4405385595421458
0.4374031180790228
0.4348483789105748
0.42931128472320795
0.4346799454254697
0.43379796071107996
0.432586428615474
0.42320097774960275
0.4193302016387614
0.4144990801118141
0.415957001406093
0.4226338157589121
0.4128900580396948
0.4184200618156167
0.41072184205517287
0.4084833942411482
0.40944389721681906
0.41197578250899797
0.40461122770180075
0.40112400817316635
0.3960645724405614
0.3966561732597129
0.3950355170771133
0.39146831250467967
0.40081598072551017
0.3974043669164643
0.3921785017316656
0.40221206208532173
0.4157285458126733
0.42185352142005006
0.402111935754155
0.39504828644815343
0.394684069840483
0.4013035260429678
0.39672720131948014
0.39352192481358844
0.4156943799913392
0.40804552789344345
0.40176158947075985
0.3950136601924896
0.389860235443411
0.39028688687686774
0.38445163662581483
0.38668153775754827
0.3828150810197342
0.3862848016180733
0.38763875647108686
0.3785068428562593
0.38044741276160693
0.3807837721682334
0.3811178165812825
0.4161535246196643
0.430292989856513
0.4088448600251545
0.39825853381970133
0.3920527214920798
0.3894920545492985
0.3884072891732519
0.38647834506145745
0.3814159821170245
0.38254337301549984
0.38132754453392914
0.3825029334587644
0.38016479341096654
0.3785706331101499
0.3752689754316049
0.3737031566773274
0.37425406900949254
0.38948650773643523
0.3754292889389881
0.3720560530128405
0.3805556163307308
0.3769147243610648
0.370686290222545
0.3702838613774425
0.36779776712258655
0.36444539663403536
0.3659300979717757
0.3669370623059975
0.36299116817093635
0.3632213003182596
0.3622196918541147
0.3631803411846013
0.36999362741791925
0.3620870265849801
0.3623298481684323
0.3606483607098114
0.37443726596444155
0.36165898657122325
0.3588152312955191
0.362621125324752
0.36392681716486464
0.35732101724129317
0.35683843655179637
0.3580840035926464
0.35095676306144213
0.3526370556548584
0.35783746076184647
0.35564796049003455
0.35487336948398474
0.35718500544858534
0.35007031030895175
0.3504900657391363
0.3516593372174936
0.34887577420057253
0.3473426260689432
0.3471684782773025
0.3532877060794091
0.3517005146704903
0.3567587988552197
0.3539782662031262
0.35219406480937043
0.3520418559164964
0.3473871961351513
0.3463754801787147
0.35153253734573836
0.3551538800315339
0.3504134277964747
0.35006360051243807
0.35422659324583156
0.3512123463920845
