0.6770782431428747
0.7304096633149672
0.7363582482171613
0.7383518570153288
0.7391137496907582
0.7401484703832819
0.7406624410041543
0.7409754104392473
0.7415132326211116
0.7419087334658748
0.7420879332132118
0.7423715090104775
0.7425930109596992
0.7428250668584838
0.742835342653038
0.7429950683153876
0.7431462252324865
0.7433552945307059
0.7435914781666542
0.7430372016374455
0.7433734866537789
0.7437351877375167
0.7440155568973038
0.7443058742571247
0.7444998300814814
0.7447723573030427
0.745100257701652
0.745399123707483
0.7456540137298348
0.7459570386613062
0.7462624743465305
0.7465252897074056
0.7469165484572566
0.7472076908100483
0.7475205151609672
0.7477813305318818
0.748044798078463
0.7483842590058497
0.7487740877062775
0.7492262476174406
0.7494874390982842
0.7498088458249735
0.7501920637234237
0.7504977017872093
0.7508935244508492
0.7512391881887303
0.7515523401341697
0.7518585640792699
0.75230491946834
0.7526635740154474
0.7529569813447405
0.7533634739328724
0.7537831386854482
0.7541633282983026
0.7542151794877163
0.754629137904145
0.7549778329309567
0.7552409788896871
0.7552986868130144
0.7554862635542255
0.7558006919169611
0.7561158170533735
0.756393981765407
0.7566450155058573
0.7569427206072696
0.7571637011313623
0.7572393024614615
0.7574493337509244
0.7576444070468578
0.757943319950917
0.7582325974638148
0.758524172065794
0.7588024377360825
0.7590781990871873
0.7593638823013897
0.7596167922019958
0.7598758439222971
0.7601384204025416
0.7604160246460937
0.7606793711351794
0.7608882080214893
0.7608363510564317
0.7608713188836741
0.7609933115715204
0.7611481521942819
0.7613340683223665
0.7615243355895198
0.7617310826168504
0.7619329956612846
0.7618088114631268
0.7620592623255974
0.7622898819372635
0.762481359548347
0.7627304935640142
0.7627046385476756
0.7629572663658349
0.7631725950758587
0.7633681939553845
0.7635656881702039
0.7637214224005855
0.763514440420062
0.7636699447798174
0.7638640888901644
0.7640914621279221
0.7643059452836828
0.7645142914712891
0.7647459236688392
0.7649704206359479
0.7652047701584276
0.765425338994625
0.7654027206491131
0.7655684952588044
0.7657575651194698
0.7659166665502297
0.7661315861136414
0.7659681582635687
0.7658783779587857
0.7657181625218354
0.7659323938595232
0.7660732230012731
0.7661795733973037
0.7663665614848914
0.7665640067222507
0.7664326572603033
0.7666540397692096
0.7665535008260446
0.766746977040934
0.7669585305590962
0.7671376986559048
0.7673327308292537
0.7675405186276103
0.7677463653475739
0.7676347702048546
0.7678280525891356
0.7680263660212819
0.7682273175365241
0.7684362648531448
0.7684154281782549
0.7686044033183608
0.7687964949959009
0.7689821003943451
0.7691247426262198
0.7693040980849155
0.7694901163263839
0.7694429884585299
0.7695736457673155
0.7697452253611513
0.7697017488553543
0.7698624309643295
0.7700326234795326
